x y color
3794464 5494851 1
3794514 5494851 1
3794564 5494851 1
3794614 5494851 1
3794664 5494851 1
3794714 5494851 1
3794764 5494851 1
3794814 5494851 1
3794864 5494851 1
3794914 5494851 1
3794964 5494851 1
3795014 5494851 1
3795064 5494851 1
3795114 5494851 1
3795164 5494851 1
3795214 5494851 1
3795264 5494851 1
3795314 5494851 1
3795364 5494851 1
3795414 5494851 1
3795464 5494851 1
3795514 5494851 1
3795564 5494851 1
3795614 5494851 1
3795664 5494851 1
3795714 5494851 1
3795764 5494851 1
3795814 5494851 1
3795864 5494851 1
3794464 5495161 1
3794514 5495161 1
3794564 5495161 1
3794614 5495161 1
3794664 5495161 2
3794714 5495161 2
3794764 5495161 2
3794814 5495161 2
3794864 5495161 2
3794914 5495161 2
3794964 5495161 2
3795014 5495161 2
3795064 5495161 2
3795114 5495161 2
3795164 5495161 1
3795214 5495161 1
3795264 5495161 1
3795314 5495161 2
3795364 5495161 2
3795414 5495161 2
3795464 5495161 2
3795514 5495161 2
3795564 5495161 2
3795614 5495161 1
3795664 5495161 1
3795714 5495161 1
3795764 5495161 1
3795814 5495161 1
3795864 5495161 1
3794464 5495471 1
3794514 5495471 1
3794564 5495471 1
3794614 5495471 3
3794664 5495471 3
3794714 5495471 3
3794764 5495471 3
3794814 5495471 3
3794864 5495471 3
3794914 5495471 3
3794964 5495471 3
3795014 5495471 2
3795064 5495471 2
3795114 5495471 2
3795164 5495471 2
3795214 5495471 2
3795264 5495471 1
3795314 5495471 2
3795364 5495471 2
3795414 5495471 2
3795464 5495471 3
3795514 5495471 3
3795564 5495471 3
3795614 5495471 2
3795664 5495471 2
3795714 5495471 2
3795764 5495471 2
3795814 5495471 1
3795864 5495471 1
3794560 5494755 1
3794560 5494805 1
3794560 5494855 1
3794560 5494905 1
3794560 5494955 1
3794560 5495005 1
3794560 5495055 1
3794560 5495105 1
3794560 5495155 1
3794560 5495205 1
3794560 5495255 3
3794560 5495305 3
3794560 5495355 2
3794560 5495405 2
3794560 5495455 1
3794560 5495505 1
3794560 5495555 1
3794560 5495605 1
3794560 5495655 1
3794560 5495705 1
3794560 5495755 1
3794560 5495805 1
3794560 5495855 1
3794560 5495905 1
3794560 5495955 1
3794560 5496005 1
3794560 5496055 1
3794560 5496105 1
3794870 5494755 1
3794870 5494805 1
3794870 5494855 1
3794870 5494905 1
3794870 5494955 1
3794870 5495005 1
3794870 5495055 2
3794870 5495105 2
3794870 5495155 2
3794870 5495205 2
3794870 5495255 2
3794870 5495305 2
3794870 5495355 3
3794870 5495405 3
3794870 5495455 3
3794870 5495505 3
3794870 5495555 3
3794870 5495605 3
3794870 5495655 3
3794870 5495705 3
3794870 5495755 3
3794870 5495805 1
3794870 5495855 1
3794870 5495905 2
3794870 5495955 1
3794870 5496005 1
3794870 5496055 1
3794870 5496105 1
3795180 5494755 1
3795180 5494805 1
3795180 5494855 1
3795180 5494905 1
3795180 5494955 1
3795180 5495005 1
3795180 5495055 2
3795180 5495105 1
3795180 5495155 1
3795180 5495205 1
3795180 5495255 1
3795180 5495305 2
3795180 5495355 2
3795180 5495405 1
3795180 5495455 2
3795180 5495505 2
3795180 5495555 2
3795180 5495605 2
3795180 5495655 2
3795180 5495705 2
3795180 5495755 1
3795180 5495805 1
3795180 5495855 1
3795180 5495905 1
3795180 5495955 1
3795180 5496005 2
3795180 5496055 1
3795180 5496105 1
