x y color
540183.75 6656220 1
540227.25 6656245 1
540270.5 6656270 1
540313.75 6656295 1
540357 6656320 1
540400.25 6656345 1
540443.75 6656370 1
540487 6656395 1
540530.25 6656420 1
540573.5 6656445 1
540617 6656470 1
540660.25 6656495 1
540703.5 6656520 1
540746.75 6656545 1
540790.25 6656570 1
540833.5 6656595 1
540876.75 6656620 1
540920 6656645 1
540963.5 6656670 1
541006.75 6656695 1
541050 6656720 1
541093.25 6656745 1
541136.5 6656770 1
541180 6656795 1
541223.25 6656820 1
541266.5 6656845 1
541309.75 6656870 1
541353.25 6656895 1
541396.5 6656920 1
540028.75 6656488.5 1
540072.25 6656513.5 1
540115.5 6656538.5 1
540158.75 6656563.5 1
540202 6656588.5 1
540245.25 6656613.5 1
540288.75 6656638.5 1
540332 6656663.5 1
540375.25 6656688.5 1
540418.5 6656713.5 1
540462 6656738.5 1
540505.25 6656763.5 1
540548.5 6656788.5 1
540591.75 6656813.5 1
540635.25 6656838.5 1
540678.5 6656863.5 1
540721.75 6656888.5 1
540765 6656913.5 1
540808.5 6656938.5 1
540851.75 6656963.5 1
540895 6656988.5 1
540938.25 6657013.5 1
540981.5 6657038 1
541025 6657063 1
541068.25 6657088 1
541111.5 6657113 1
541154.75 6657138 1
541198.25 6657163 1
541241.5 6657188 1
539874 6656757 1
539917.5 6656782 1
539960.75 6656807 1
540004 6656832 1
540047.25 6656857 1
540090.5 6656882 1
540134 6656907 1
540177.25 6656932 1
540220.5 6656957 1
540263.75 6656982 1
540307.25 6657007 1
540350.5 6657032 1
540393.75 6657057 1
540437 6657082 1
540480.5 6657107 1
540523.75 6657132 1
540567 6657157 1
540610.25 6657182 1
540653.75 6657207 1
540697 6657232 1
540740.25 6657257 1
540783.5 6657282 1
540826.75 6657307 1
540870.25 6657332 1
540913.5 6657357 1
540956.75 6657382 1
541000 6657407 1
541043.5 6657432 1
541086.75 6657457 1
540315 6656184.5 1
540290 6656228 1
540265 6656271 1
540240 6656314.5 1
540215 6656358 1
540190 6656401 1
540165 6656444.5 1
540140 6656488 1
540583.5 6656339.5 1
540558.5 6656383 1
540533.5 6656426 1
540508.5 6656469.5 1
540483.5 6656513 1
540458.5 6656556 1
540433.5 6656599.5 1
540408.5 6656643 1
540852 6656494.5 1
540827 6656538 1
540802 6656581 1
540777 6656624.5 1
540752 6656668 1
540727 6656711 1
540702 6656754.5 1
540677 6656798 1
