x y color
2858656 6035342 3
2858612.75 6035367 2
2858569.5 6035392 2
2858526 6035417 2
2858482.75 6035442 2
2858439.5 6035466.5 2
2858396.25 6035491.5 2
2858353 6035516.5 2
2858309.5 6035541.5 2
2858266.25 6035566.5 2
2858223 6035591.5 2
2858179.75 6035616.5 2
2858136.5 6035641.5 2
2858093 6035666.5 2
2858049.75 6035691.5 2
2858006.5 6035716.5 2
2857963 6035741.5 1
2857919.75 6035766.5 1
2857876.5 6035791.5 1
2857833.25 6035816.5 1
2857790 6035841.5 1
2858811 6035610.5 3
2858767.75 6035635.5 3
2858724.5 6035660 3
2858681 6035685 3
2858637.75 6035710 3
2858594.5 6035735 3
2858551.25 6035760 3
2858508 6035785 3
2858464.5 6035810 2
2858421.25 6035835 2
2858378 6035860 2
2858334.75 6035885 1
2858291.5 6035910 2
2858248 6035935 2
2858204.75 6035960 2
2858161.5 6035985 2
2858118 6036010 2
2858074.75 6036035 2
2858031.5 6036060 2
2857988.25 6036085 2
2857945 6036110 2
2858966 6035879 1
2858922.75 6035904 1
2858879.5 6035929 1
2858836 6035954 1
2858792.75 6035979 1
2858749.5 6036003.5 3
2858706.25 6036028.5 3
2858663 6036053.5 3
2858619.5 6036078.5 2
2858576.25 6036103.5 2
2858533 6036128.5 2
2858489.75 6036153.5 2
2858446.5 6036178.5 2
2858403 6036203.5 3
2858359.75 6036228.5 3
2858316.5 6036253.5 3
2858273 6036278.5 3
2858229.75 6036303.5 3
2858186.5 6036328.5 3
2858143.25 6036353.5 3
2858100 6036378.5 2
-2858525 6035307 2
-2858550 6035350 2
-2858575 6035393 2
-2858600 6035437 2
-2858625 6035480 3
-2858650 6035523 3
-2858675 6035567 3
-2858700 6035610 3
-2858725 6035653 3
-2858750 6035696 3
-2858775 6035740 3
-2858800 6035783 3
-2858825 6035826 3
-2858850 6035870 3
-2858875 6035913 1
-2858900 6035956 1
-2858925 6036000 1
-2858950 6036043 1
-2858975 6036086 2
-2858999.75 6036130 2
-2859024.75 6036173 2
-2858256.5 6035461.5 2
-2858281.5 6035504.5 2
-2858306.5 6035548 2
-2858331.5 6035591.5 2
-2858356.5 6035634.5 2
-2858381.5 6035678 1
-2858406.5 6035721.5 2
-2858431.5 6035764.5 2
-2858456.5 6035808 2
-2858481.5 6035851 2
-2858506.5 6035894.5 2
-2858531.5 6035938 2
-2858556.5 6035981 2
-2858581.5 6036024.5 2
-2858606.5 6036067.5 2
-2858631.5 6036111 2
-2858656.5 6036154.5 3
-2858681.5 6036197.5 1
-2858706.5 6036241 1
-2858731.25 6036284.5 1
-2858756.25 6036327.5 1
-2857988 6035616.5 2
-2858013 6035659.5 2
-2858038 6035703 2
-2858063 6035746.5 2
-2858088 6035789.5 1
-2858113 6035833 1
-2858138 6035876.5 1
-2858163 6035919.5 2
-2858188 6035963 2
-2858213 6036006 1
-2858238 6036049.5 2
-2858263 6036093 2
-2858288 6036136 2
-2858313 6036179.5 2
-2858338 6036222.5 3
-2858363 6036266 3
-2858388 6036309.5 3
-2858413 6036352.5 2
-2858438 6036396 2
-2858462.75 6036439.5 2
-2858487.75 6036482.5 2
