x y color
540443.75 6655769.5 1
540487.25 6655794.5 1
540530.5 6655819.5 1
540573.75 6655844.5 1
540617 6655869.5 1
540660.25 6655894.5 1
540703.75 6655919.5 1
540747 6655944.5 1
540790.25 6655969.5 1
540833.5 6655994.5 1
540877 6656019.5 1
540920.25 6656044.5 1
540963.5 6656069.5 1
541006.75 6656094.5 1
541050.25 6656119.5 1
541093.5 6656144.5 1
541136.75 6656169.5 1
541180 6656194.5 1
541223.5 6656219.5 1
541266.75 6656244.5 1
541310 6656269.5 1
541353.25 6656294.5 1
541396.5 6656319 1
541440 6656344 1
541483.25 6656369 1
541526.5 6656394 1
541569.75 6656419 1
541613.25 6656444 1
541656.5 6656469 1
540193.75 6656202.5 1
540237.25 6656227.5 3
540280.5 6656252.5 2
540323.75 6656277.5 2
540367 6656302.5 2
540410.25 6656327.5 3
540453.75 6656352.5 3
540497 6656377.5 3
540540.25 6656402.5 3
540583.5 6656427.5 2
540627 6656452.5 2
540670.25 6656477.5 2
540713.5 6656502.5 2
540756.75 6656527.5 1
540800.25 6656552.5 2
540843.5 6656577.5 1
540886.75 6656602.5 2
540930 6656627.5 2
540973.5 6656652.5 2
541016.75 6656677.5 2
541060 6656702.5 2
541103.25 6656727.5 3
541146.5 6656752 2
541190 6656777 3
541233.25 6656802 2
541276.5 6656827 1
541319.75 6656852 1
541363.25 6656877 1
541406.5 6656902 1
539944 6656635.5 1
539987.5 6656660.5 1
540030.75 6656685.5 1
540074 6656710.5 1
540117.25 6656735.5 1
540160.5 6656760.5 1
540204 6656785.5 1
540247.25 6656810.5 1
540290.5 6656835.5 1
540333.75 6656860.5 1
540377.25 6656885.5 1
540420.5 6656910.5 2
540463.75 6656935.5 1
540507 6656960.5 1
540550.5 6656985.5 2
540593.75 6657010.5 1
540637 6657035.5 1
540680.25 6657060.5 1
540723.75 6657085.5 1
540767 6657110.5 1
540810.25 6657135.5 1
540853.5 6657160.5 1
540896.75 6657185 1
540940.25 6657210 1
540983.5 6657235 1
541026.75 6657260 1
541070 6657285 1
541113.5 6657310 1
541156.75 6657335 1
540575 6655734 1
540550 6655777.5 1
540525 6655821 1
540500 6655864 1
540475 6655907.5 1
540450 6655950.5 1
540425 6655994 1
540400 6656037.5 1
540375 6656080.5 1
540350 6656124 1
540325 6656167.5 3
540300 6656210.5 3
540275 6656254 2
540250 6656297 2
540225 6656340.5 1
540200 6656384 1
540175 6656427 1
540150 6656470.5 1
540125 6656513.5 1
540100 6656557 1
540075 6656600.5 1
540050 6656643.5 1
540025.25 6656687 1
540000.25 6656730.5 1
539975.25 6656773.5 1
539950.25 6656817 1
539925.25 6656860 1
539900.25 6656903.5 1
541008 6655984 1
540983 6656027.5 1
540958 6656071 1
540933 6656114 1
540908 6656157.5 2
540883 6656200.5 2
540858 6656244 2
540833 6656287.5 2
540808 6656330.5 2
540783 6656374 2
540758 6656417.5 2
540733 6656460.5 2
540708 6656504 2
540683 6656547 2
540658 6656590.5 3
540633 6656634 3
540608 6656677 3
540583 6656720.5 3
540558 6656763.5 2
540533 6656807 2
540508 6656850.5 3
540483 6656893.5 1
540458.25 6656937 1
540433.25 6656980.5 1
540408.25 6657023.5 1
540383.25 6657067 2
540358.25 6657110 1
540333.25 6657153.5 1
541441.25 6656234 1
541416.25 6656277 1
541391.25 6656321 1
541366.25 6656364 1
541341.25 6656407 1
541316.25 6656450 1
541291.25 6656494 1
541266.25 6656537 1
541241.25 6656580 1
541216.25 6656624 1
541191.25 6656667 1
541166.25 6656710 1
541141.25 6656754 1
541116.25 6656797 3
541091.25 6656840 3
541066.25 6656884 3
541041.25 6656927 3
541016.25 6656970 2
540991.25 6657013 2
540966.25 6657057 2
540941.25 6657100 2
540916.25 6657143 2
540891.5 6657187 1
540866.5 6657230 1
540841.5 6657273 1
540816.5 6657317 1
540791.5 6657360 1
540766.5 6657403 1
