x y color
3794464 5495371 1
3794514 5495371 1
3794564 5495371 1
3794614 5495371 1
3794664 5495371 1
3794714 5495371 1
3794764 5495371 1
3794814 5495371 1
3794864 5495371 1
3794914 5495371 1
3794964 5495371 1
3795014 5495371 1
3795064 5495371 1
3795114 5495371 1
3795164 5495371 1
3795214 5495371 1
3795264 5495371 1
3795314 5495371 1
3795364 5495371 1
3795414 5495371 1
3795464 5495371 1
3795514 5495371 1
3795564 5495371 1
3795614 5495371 1
3795664 5495371 1
3795714 5495371 1
3795764 5495371 1
3795814 5495371 1
3795864 5495371 1
3794464 5495681 1
3794514 5495681 1
3794564 5495681 1
3794614 5495681 1
3794664 5495681 1
3794714 5495681 1
3794764 5495681 1
3794814 5495681 1
3794864 5495681 1
3794914 5495681 1
3794964 5495681 1
3795014 5495681 1
3795064 5495681 1
3795114 5495681 1
3795164 5495681 1
3795214 5495681 1
3795264 5495681 1
3795314 5495681 1
3795364 5495681 1
3795414 5495681 1
3795464 5495681 1
3795514 5495681 1
3795564 5495681 1
3795614 5495681 1
3795664 5495681 1
3795714 5495681 1
3795764 5495681 1
3795814 5495681 1
3795864 5495681 1
3794464 5495991 1
3794514 5495991 1
3794564 5495991 1
3794614 5495991 1
3794664 5495991 1
3794714 5495991 1
3794764 5495991 1
3794814 5495991 1
3794864 5495991 1
3794914 5495991 1
3794964 5495991 1
3795014 5495991 1
3795064 5495991 1
3795114 5495991 1
3795164 5495991 1
3795214 5495991 1
3795264 5495991 1
3795314 5495991 1
3795364 5495991 1
3795414 5495991 1
3795464 5495991 1
3795514 5495991 1
3795564 5495991 1
3795614 5495991 1
3795664 5495991 1
3795714 5495991 1
3795764 5495991 1
3795814 5495991 1
3795864 5495991 1
3794560 5495275 1
3794560 5495325 1
3794560 5495375 1
3794560 5495425 1
3794560 5495475 1
3794560 5495525 1
3794560 5495575 1
3794560 5495625 1
3794870 5495275 1
3794870 5495325 1
3794870 5495375 1
3794870 5495425 1
3794870 5495475 1
3794870 5495525 1
3794870 5495575 1
3794870 5495625 1
3795180 5495275 1
3795180 5495325 1
3795180 5495375 1
3795180 5495425 1
3795180 5495475 1
3795180 5495525 1
3795180 5495575 1
3795180 5495625 1
