x y color
540443.75 6655769.5 1
540487.25 6655794.5 1
540530.5 6655819.5 1
540573.75 6655844.5 1
540617 6655869.5 1
540660.25 6655894.5 1
540703.75 6655919.5 1
540747 6655944.5 1
540790.25 6655969.5 1
540833.5 6655994.5 1
540877 6656019.5 1
540920.25 6656044.5 1
540963.5 6656069.5 1
541006.75 6656094.5 1
541050.25 6656119.5 1
541093.5 6656144.5 1
541136.75 6656169.5 1
541180 6656194.5 1
541223.5 6656219.5 1
541266.75 6656244.5 1
541310 6656269.5 1
541353.25 6656294.5 1
541396.5 6656319 1
541440 6656344 1
541483.25 6656369 1
541526.5 6656394 1
541569.75 6656419 1
541613.25 6656444 1
541656.5 6656469 1
540288.75 6656038 1
540332.25 6656063 1
540375.5 6656088 1
540418.75 6656113 1
540462 6656138 2
540505.25 6656163 2
540548.75 6656188 2
540592 6656213 2
540635.25 6656238 2
540678.5 6656263 2
540722 6656288 2
540765.25 6656313 2
540808.5 6656338 2
540851.75 6656363 2
540895.25 6656388 1
540938.5 6656413 1
540981.75 6656438 1
541025 6656463 2
541068.5 6656488 2
541111.75 6656513 2
541155 6656538 2
541198.25 6656563 2
541241.5 6656588 2
541285 6656613 1
541328.25 6656638 1
541371.5 6656663 1
541414.75 6656688 1
541458.25 6656713 1
541501.5 6656738 1
540133.75 6656306.5 1
540177.25 6656331.5 1
540220.5 6656356.5 1
540263.75 6656381.5 3
540307 6656406.5 3
540350.25 6656431.5 3
540393.75 6656456.5 3
540437 6656481.5 3
540480.25 6656506.5 3
540523.5 6656531.5 3
540567 6656556.5 3
540610.25 6656581.5 2
540653.5 6656606.5 2
540696.75 6656631.5 2
540740.25 6656656.5 2
540783.5 6656681.5 2
540826.75 6656706.5 1
540870 6656731.5 2
540913.5 6656756.5 2
540956.75 6656781.5 2
541000 6656806.5 3
541043.25 6656831.5 3
541086.5 6656856 3
541130 6656881 2
541173.25 6656906 2
541216.5 6656931 2
541259.75 6656956 2
541303.25 6656981 1
541346.5 6657006 1
540575 6655734 1
540550 6655777.5 1
540525 6655821 1
540500 6655864 1
540475 6655907.5 1
540450 6655950.5 1
540425 6655994 1
540400 6656037.5 1
540375 6656080.5 1
540350 6656124 1
540325 6656167.5 3
540300 6656210.5 3
540275 6656254 2
540250 6656297 2
540225 6656340.5 1
540200 6656384 1
540175 6656427 1
540150 6656470.5 1
540125 6656513.5 1
540100 6656557 1
540075 6656600.5 1
540050 6656643.5 1
540025.25 6656687 1
540000.25 6656730.5 1
539975.25 6656773.5 1
539950.25 6656817 1
539925.25 6656860 1
539900.25 6656903.5 1
540843.5 6655889 1
540818.5 6655932.5 1
540793.5 6655976 1
540768.5 6656019 1
540743.5 6656062.5 1
540718.5 6656105.5 1
540693.5 6656149 2
540668.5 6656192.5 2
540643.5 6656235.5 2
540618.5 6656279 2
540593.5 6656322.5 2
540568.5 6656365.5 2
540543.5 6656409 3
540518.5 6656452 3
540493.5 6656495.5 3
540468.5 6656539 3
540443.5 6656582 3
540418.5 6656625.5 3
540393.5 6656668.5 3
540368.5 6656712 3
540343.5 6656755.5 3
540318.5 6656798.5 1
540293.75 6656842 1
540268.75 6656885.5 2
540243.75 6656928.5 1
540218.75 6656972 1
540193.75 6657015 1
540168.75 6657058.5 1
541112 6656044 1
541087 6656087.5 1
541062 6656131 1
541037 6656174 1
541012 6656217.5 1
540987 6656260.5 1
540962 6656304 2
540937 6656347.5 1
540912 6656390.5 1
540887 6656434 1
540862 6656477.5 1
540837 6656520.5 2
540812 6656564 2
540787 6656607 1
540762 6656650.5 2
540737 6656694 2
540712 6656737 2
540687 6656780.5 2
540662 6656823.5 2
540637 6656867 2
540612 6656910.5 1
540587 6656953.5 1
540562.25 6656997 1
540537.25 6657040.5 1
540512.25 6657083.5 1
540487.25 6657127 2
540462.25 6657170 1
540437.25 6657213.5 1
