x y color
3794514 5495355 3
3794557.25 5495330 2
3794600.5 5495305 2
3794644 5495280 2
3794687.25 5495255 2
3794730.5 5495230.5 2
3794773.75 5495205.5 2
3794817 5495180.5 2
3794860.5 5495155.5 2
3794903.75 5495130.5 2
3794947 5495105.5 2
3794990.25 5495080.5 2
3795033.5 5495055.5 2
3795077 5495030.5 2
3795120.25 5495005.5 2
3795163.5 5494980.5 2
3795207 5494955.5 1
3795250.25 5494930.5 1
3795293.5 5494905.5 1
3795336.75 5494880.5 1
3795380 5494855.5 1
3794669 5495623.5 3
3794712.25 5495598.5 3
3794755.5 5495574 3
3794799 5495549 3
3794842.25 5495524 3
3794885.5 5495499 3
3794928.75 5495474 3
3794972 5495449 3
3795015.5 5495424 2
3795058.75 5495399 2
3795102 5495374 2
3795145.25 5495349 1
3795188.5 5495324 2
3795232 5495299 2
3795275.25 5495274 2
3795318.5 5495249 2
3795362 5495224 2
3795405.25 5495199 2
3795448.5 5495174 2
3795491.75 5495149 2
3795535 5495124 2
3794824 5495892 1
3794867.25 5495867 1
3794910.5 5495842 1
3794954 5495817 1
3794997.25 5495792 1
3795040.5 5495767.5 3
3795083.75 5495742.5 3
3795127 5495717.5 3
3795170.5 5495692.5 2
3795213.75 5495667.5 2
3795257 5495642.5 2
3795300.25 5495617.5 2
3795343.5 5495592.5 2
3795387 5495567.5 3
3795430.25 5495542.5 3
3795473.5 5495517.5 3
3795517 5495492.5 3
3795560.25 5495467.5 3
3795603.5 5495442.5 3
3795646.75 5495417.5 3
3795690 5495392.5 2
3794549 5495224 2
3794574 5495267 2
3794599 5495311 2
3794624 5495354 2
3794649 5495397 3
3794674 5495441 3
3794699 5495484 3
3794724 5495527 3
3794749 5495571 3
3794774 5495614 3
3794799 5495657 3
3794824 5495701 3
3794849 5495744 3
3794874 5495787 3
3794899 5495830 1
3794924 5495874 1
3794949 5495917 1
3794974 5495960 1
3794999 5496004 2
3795023.75 5496047 2
3795048.75 5496090 2
3794817.5 5495069.5 2
3794842.5 5495112.5 2
3794867.5 5495156 2
3794892.5 5495199.5 2
3794917.5 5495242.5 2
3794942.5 5495286 1
3794967.5 5495329.5 2
3794992.5 5495372.5 2
3795017.5 5495416 2
3795042.5 5495459 2
3795067.5 5495502.5 2
3795092.5 5495546 2
3795117.5 5495589 2
3795142.5 5495632.5 2
3795167.5 5495675.5 2
3795192.5 5495719 2
3795217.5 5495762.5 3
3795242.5 5495805.5 1
3795267.5 5495849 1
3795292.25 5495892.5 1
3795317.25 5495935.5 1
3795086 5494914.5 2
3795111 5494957.5 2
3795136 5495001 2
3795161 5495044.5 2
3795186 5495087.5 1
3795211 5495131 1
3795236 5495174.5 1
3795261 5495217.5 2
3795286 5495261 2
3795311 5495304 1
3795336 5495347.5 2
3795361 5495391 2
3795386 5495434 2
3795411 5495477.5 2
3795436 5495520.5 3
3795461 5495564 3
3795486 5495607.5 3
3795511 5495650.5 2
3795536 5495694 2
3795560.75 5495737.5 2
3795585.75 5495780.5 2
