x y color
490930 7.05423e+06 2
490930 7.05423e+06 2
490930 7.05423e+06 2
490930 7.05423e+06 2
490930 7.05423e+06 2
490930 7.05423e+06 2
490930 7.05423e+06 2
490930 7.05423e+06 2
490931 7.05423e+06 2
490931 7.05423e+06 2
490931 7.05423e+06 2
490931 7.05423e+06 2
490931 7.05423e+06 2
490932 7.05423e+06 2
490932 7.05423e+06 2
490932 7.05423e+06 2
490933 7.05423e+06 2
490933 7.05423e+06 2
490933 7.05423e+06 2
490933 7.05423e+06 2
490934 7.05423e+06 2
490934 7.05423e+06 2
490934 7.05423e+06 2
490934 7.05423e+06 2
490935 7.05423e+06 2
490935 7.05423e+06 2
490935 7.05423e+06 2
490935 7.05423e+06 2
490936 7.05423e+06 2
490936 7.05423e+06 2
490936 7.05423e+06 2
490936 7.05423e+06 2
490936 7.05423e+06 2
490936 7.05423e+06 2
490936 7.05423e+06 2
490936 7.05423e+06 2
490937 7.05423e+06 2
490937 7.05423e+06 2
490937 7.05423e+06 2
490937 7.05423e+06 2
490938 7.05423e+06 2
490938 7.05423e+06 2
490938 7.05423e+06 2
490938 7.05423e+06 2
490938 7.05423e+06 2
490939 7.05423e+06 2
490939 7.05423e+06 2
490939 7.05423e+06 2
490939 7.05423e+06 2
490939 7.05423e+06 2
490939 7.05423e+06 2
490939 7.05423e+06 2
490939 7.05423e+06 2
490939 7.05423e+06 2
490939 7.05423e+06 2
490938 7.05423e+06 2
490938 7.05423e+06 2
490938 7.05423e+06 2
490938 7.05423e+06 2
490938 7.05423e+06 2
490938 7.05423e+06 2
490938 7.05423e+06 2
490938 7.05423e+06 2
490937 7.05423e+06 2
490937 7.05423e+06 2
490937 7.05423e+06 2
490937 7.05422e+06 2
490936 7.05422e+06 2
490936 7.05422e+06 2
490936 7.05422e+06 2
490936 7.05422e+06 2
490935 7.05422e+06 2
490935 7.05422e+06 2
490935 7.05422e+06 2
490935 7.05422e+06 2
490934 7.05422e+06 2
490934 7.05422e+06 2
490934 7.05422e+06 2
490933 7.05422e+06 2
490933 7.05422e+06 2
490933 7.05422e+06 2
490933 7.05422e+06 2
490932 7.05422e+06 2
490932 7.05423e+06 2
490932 7.05423e+06 2
490932 7.05423e+06 2
490932 7.05423e+06 2
490932 7.05423e+06 2
490931 7.05423e+06 2
490931 7.05423e+06 2
490931 7.05423e+06 2
490931 7.05423e+06 2
490930 7.05423e+06 2
490930 7.05423e+06 2
490930 7.05423e+06 2
490930 7.05423e+06 2
490930 7.05423e+06 2
490930 7.05423e+06 2
490930 7.05423e+06 2
490930 7.05423e+06 2
490930 7.05423e+06 2
490930 7.05423e+06 2
490930 7.05423e+06 2
490930 7.05423e+06 2
