x y color
487566.125 7054660 1
487616.125 7054660 1
487666.125 7054660 1
487716.125 7054660 1
487766.125 7054660 1
487816.125 7054660 1
487866.125 7054660 1
487916.125 7054660 1
487966.125 7054660 1
488016.125 7054660 1
488066.125 7054660 1
488116.125 7054660 3
488166.125 7054660 3
488216.125 7054660 3
488266.125 7054660 1
488316.125 7054660 1
488366.125 7054660 1
488416.125 7054660 1
488466.125 7054660 1
488516.125 7054660 1
488566.125 7054660 1
488616.125 7054660 1
488666.125 7054660 1
488716.125 7054660 1
488766.125 7054660 1
488816.125 7054660 1
488866.125 7054660 1
488916.125 7054660 1
488966.125 7054660 1
489016.125 7054660 1
489066.125 7054660 1
487566.125 7054960 3
487616.125 7054960 3
487666.125 7054960 3
487716.125 7054960 1
487766.125 7054960 1
487816.125 7054960 1
487866.125 7054960 1
487916.125 7054960 3
487966.125 7054960 1
488016.125 7054960 1
488066.125 7054960 1
488116.125 7054960 3
488166.125 7054960 1
488216.125 7054960 3
488266.125 7054960 3
488316.125 7054960 3
488366.125 7054960 3
488416.125 7054960 3
488466.125 7054960 1
488516.125 7054960 1
488566.125 7054960 1
488616.125 7054960 1
488666.125 7054960 1
488716.125 7054960 1
488766.125 7054960 1
488816.125 7054960 1
488866.125 7054960 1
488916.125 7054960 1
488966.125 7054960 1
489016.125 7054960 3
489066.125 7054960 1
487566.125 7055260 1
487616.125 7055260 1
487666.125 7055260 1
487716.125 7055260 1
487766.125 7055260 1
487816.125 7055260 3
487866.125 7055260 3
487916.125 7055260 3
487966.125 7055260 3
488016.125 7055260 1
488066.125 7055260 1
488116.125 7055260 1
488166.125 7055260 1
488216.125 7055260 1
488266.125 7055260 1
488316.125 7055260 3
488366.125 7055260 3
488416.125 7055260 3
488466.125 7055260 3
488516.125 7055260 1
488566.125 7055260 1
488616.125 7055260 3
488666.125 7055260 3
488716.125 7055260 1
488766.125 7055260 1
488816.125 7055260 1
488866.125 7055260 1
488916.125 7055260 1
488966.125 7055260 1
489016.125 7055260 1
489066.125 7055260 1
487662.125 7054564 1
487662.125 7054614 1
487662.125 7054664 1
487662.125 7054714 1
487662.125 7054764 1
487662.125 7054814 1
487662.125 7054864 1
487662.125 7054914 1
487662.125 7054964 1
487662.125 7055014 3
487662.125 7055064 1
487662.125 7055114 1
487662.125 7055164 1
487662.125 7055214 1
487662.125 7055264 1
487662.125 7055314 3
488262.125 7054564 1
488262.125 7054614 1
488262.125 7054664 1
488262.125 7054714 1
488262.125 7054764 1
488262.125 7054814 1
488262.125 7054864 1
488262.125 7054914 1
488262.125 7054964 3
488262.125 7055014 3
488262.125 7055064 3
488262.125 7055114 3
488262.125 7055164 3
488262.125 7055214 3
488262.125 7055264 1
488262.125 7055314 1
488862.125 7054564 1
488862.125 7054614 1
488862.125 7054664 1
488862.125 7054714 1
488862.125 7054764 3
488862.125 7054814 1
488862.125 7054864 1
488862.125 7054914 1
488862.125 7054964 1
488862.125 7055014 1
488862.125 7055064 1
488862.125 7055114 1
488862.125 7055164 1
488862.125 7055214 1
488862.125 7055264 1
488862.125 7055314 1
